init <- list(default = c(0.2, 0.4, 0.6, 0.8),
             small = c(0.25, 0.5, 0.75),
             primitive = c(0.05, 0.15, 0.35, 0.75, 0.95),
             totwo = c(0.05, 0.35, 0.75, 1, 1.25, 1.35, 2),
             beta = c(1.25, 2.5, 3.75))
