init <- list(default = c(0.05, 0.15, 0.35, 0.75, 0.95),
             primitive = c(0.05, 0.15, 0.35, 0.75, 0.95),
             totwo = c(0.05, 0.35, 0.75, 1, 1.25, 1.35, 2),
             beta = c(0.25, 1.25, 2.25, 3.25, 4.25))